00001000000100000000000010001011
00100011100111000000000000000100
10101111100111110000000000000000
10101100001010000000000000000000
00100000001000010000000000000100
10101100001010010000000000000000
00100000001000010000000000000100
10101100001010100000000000000000
00100000001000010000000000000100
10101100001010110000000000000000
00100000001000010000000000000100
10101100001011000000000000000000
00100000001000010000000000000100
10101100001011010000000000000000
00100000001000010000000000000100
10101100001011100000000000000000
00100000001000010000000000000100
10101100001011110000000000000000
00100000001000010000000000000100
10101100001110000000000000000000
00100000001000010000000000000100
10101100001110010000000000000000
00100000001000010000000000000100
10101100001100000000000000000000
00100000001000010000000000000100
10101100001100010000000000000000
00100000001000010000000000000100
10101100001100100000000000000000
00100000001000010000000000000100
10101100001100110000000000000000
00100000001000010000000000000100
10101100001101000000000000000000
00100000001000010000000000000100
10101100001101010000000000000000
00100000001000010000000000000100
10101100001101100000000000000000
00100000001000010000000000000100
10101100001101110000000000000000
00100000001000010000000000000100
10101100001110110000000000000000
00100000001000010000000000000100
10101100001111010000000000000000
00100000001000010000000000000100
10101100001001110000000000000000
00100000001000010000000000000100
00100000000010100000000000000001
00000011101010100100000000101010
00111001000010000000000000000001
00000001010111010100100000101010
00111001001010010000000000000001
00000001001010000100000000100100
00010001000000000000000000000011
00100000000010100000000000000001
00000000000010101101000000100000
00001000000100000000000001011110
00100000000010100000000000000010
00000011101010100100000000101010
00111001000010000000000000000001
00000001010111010100100000101010
00111001001010010000000000000001
00000001001010000100000000100100
00010001000000000000000000000011
00100000000010100000000000000001
00000000000010101101000000100000
00001000000100000000000001011110
00100000000010110000000000000010
00000011101010110101000000100010
00000000000010100100000000100000
00000000000010000110000000100000
00000000000110110110100000100000
00000000000111010111000000100000
00000000000001110111100000100000
00000000000011001110100000100000
00001100000100000000000000000001
00000000000011011101100000100000
00000000000011101110100000100000
00000000000011110011100000100000
00100011010110000000000000000000
00100000000010110000000000000001
00000011101010111000000000100010
00000000000100000100000000100000
00000000000010001000100000100000
00000000000110110110100000100000
00000000000111010111000000100000
00000000000001110111100000100000
00000000000100011110100000100000
00001100000100000000000000000001
00000000000011011101100000100000
00000000000011101110100000100000
00000000000011110011100000100000
00100011010100100000000000000000
00000011000100101001100000100000
00000000000100111101000000100000
00001000000100000000000001011110
00100000001000011111111111111100
10001100001001110000000000000000
00100000001000011111111111111100
10001100001111010000000000000000
00100000001000011111111111111100
10001100001110110000000000000000
00100000001000011111111111111100
10001100001101110000000000000000
00100000001000011111111111111100
10001100001101100000000000000000
00100000001000011111111111111100
10001100001101010000000000000000
00100000001000011111111111111100
10001100001101000000000000000000
00100000001000011111111111111100
10001100001100110000000000000000
00100000001000011111111111111100
10001100001100100000000000000000
00100000001000011111111111111100
10001100001100010000000000000000
00100000001000011111111111111100
10001100001100000000000000000000
00100000001000011111111111111100
10001100001110010000000000000000
00100000001000011111111111111100
10001100001110000000000000000000
00100000001000011111111111111100
10001100001011110000000000000000
00100000001000011111111111111100
10001100001011100000000000000000
00100000001000011111111111111100
10001100001011010000000000000000
00100000001000011111111111111100
10001100001011000000000000000000
00100000001000011111111111111100
10001100001010110000000000000000
00100000001000011111111111111100
10001100001010100000000000000000
00100000001000011111111111111100
10001100001010010000000000000000
00100000001000011111111111111100
10001100001010000000000000000000
10001111100111110000000000000000
00100011100111001111111111111100
00000011111000000000000000001000
00111100000111000000000001100000
00111100000000010000000001110000
00100000000010010000000000000000
00000000000010010100000000100000
00100000000000100000000000001000
00111100000001000000000001010000
00100000100001000000000000000000
00100000000001010000000110010000
00000000000000000000000000001100
00100000000000100000000000000100
00111100000001000000000001010000
00100000100001000000000000000000
00000000000000000000000000001100
00100000000000100000000000000100
00111100000001000000000001010000
00100000100001000000000110010000
00000000000000000000000000001100
00100000000000100000000000000101
00000000000000000000000000001100
00000000000000100101000000100000
00100000000000100000000000000100
00111100000001000000000001010000
00100000100001000000000110100100
00000000000000000000000000001100
00000000000010100110000000100000
00000000000011000101000000100000
00000000000110110110100000100000
00000000000111010111000000100000
00000000000001110111100000100000
00000000000010101110100000100000
00001100000100000000000000000001
00000000000011011101100000100000
00000000000011101110100000100000
00000000000011110011100000100000
00100011010110000000000000000000
00000000000110000100000000100000
00100000000000100000000000000001
00000000000010000010000000100000
00000000000000000000000000001100
00100000000010010000000000000000
00000000000010011101000000100000
00001000000100000000000010110101
00100000000000100000000000001010
00000000000000000000000000001100
