00001000000100000000000000000001
00111100000111000000000001100000
00111100000000010000000001110000
00100000000000100000000000000101
00000000000000000000000000001100
00000000000000100100000000100000
00000001000010010101000000100000
00000000000010100001000000100000
00000000000000000000000000001100
00000000000010110001000000100000
00000000000000000000000000001100
00100000000011000000000000000000
00000000000011001101000000100000
00001000000100000000000000001110
00100000000000100000000000001010
00000000000000000000000000001100
